# oST version 5.0 parameters


[image]

width
640

height
360

[narrow_stereo]

camera matrix
582.614416 0.000000 315.305466
0.000000 579.835114 205.561111
0.000000 0.000000 1.000000

distortion
-0.564841 0.365631 -0.011796 -0.000933 0.000000

rectification
1.000000 0.000000 0.000000
0.000000 1.000000 0.000000
0.000000 0.000000 1.000000

projection
477.625854 0.000000 312.216417 0.000000
0.000000 545.556641 205.665686 0.000000
0.000000 0.000000 1.000000 0.000000
